 v0      =   10.9420899293302      km/s
 lambda1 =   73.0077710430148      graus
 gamma0  =  -115.754424515229      graus
 
 deltav  =   3.92252899428173      km/s
 deltav1 =   3.13823316177693      km/s
 deltav2 =  0.784295832504807      km/s
 
 deltat  =   4.79310919019088      dias
 
 energym =  0.254580204479260      km^2/s^2
 em      =   1.19082607094649     
