 v0      =   10.8141213707884      km/s
 lambda1 =   72.5780996804381      graus
 gamma0  =  -115.802350720267      graus
 
 deltav  =   3.84209772763340      km/s
 deltav1 =   3.09990799900223      km/s
 deltav2 =  0.742189728631171      km/s
 
 deltat  =   4.79346220424648      dias
 
 energym =  0.252614571449115      km^2/s^2
 em      =   1.22026741304513     
