 v0      =   10.9420488807722      km/s
 lambda1 =   72.8782336764605      graus
 gamma0  =  -115.781959256682      graus
 
 deltav  =   3.90752904196129      km/s
 deltav1 =   3.13819211321886      km/s
 deltav2 =  0.769336928742429      km/s
 
 deltat  =   4.79253848381628      dias
 
 energym =  0.254521562284591      km^2/s^2
 em      =   1.20116481453213     
