 v0      =   10.7015838044852      km/s
 lambda1 =   82.8618923509385      graus
 gamma0  =  -113.417547541772      graus
 
 deltav  =   3.80036781058186      km/s
 deltav1 =   3.06842116365240      km/s
 deltav2 =  0.731946646929454      km/s
 
 deltat  =   4.96331394290288      dias
 
 energym =  0.255752806506397      km^2/s^2
 em      =   1.23343672507181     
