 v0      =   10.8142023063613      km/s
 lambda1 =   72.8306523586352      graus
 gamma0  =  -115.748393343679      graus
 
 deltav  =   3.86856639238286      km/s
 deltav1 =   3.09998893457509      km/s
 deltav2 =  0.768577457807768      km/s
 
 deltat  =   4.79455365659368      dias
 
 energym =  0.252729435075407      km^2/s^2
 em      =   1.19974838075551     
