 v0      =   10.8171227680910      km/s
 lambda1 =   82.7489721561164      graus
 gamma0  =  -113.485922279923      graus
 
 deltav  =   3.84717209854969      km/s
 deltav1 =   3.10290939630482      km/s
 deltav2 =  0.744262702244868      km/s
 
 deltat  =   4.95763875889079      dias
 
 energym =  0.257294776834488      km^2/s^2
 em      =   1.22434832067837     
