 v0      =   10.9419300527554      km/s
 lambda1 =   72.5030224073338      graus
 gamma0  =  -115.862239398337      graus
 
 deltav  =   3.86938700191198      km/s
 deltav1 =   3.13807328520208      km/s
 deltav2 =  0.731313716709896      km/s
 
 deltat  =   4.79089686756255      dias
 
 energym =  0.254352828737631      km^2/s^2
 em      =   1.23215890438969     
