 v0      =   10.7014694924332      km/s
 lambda1 =   82.4549427535460      graus
 gamma0  =  -113.510020646366      graus
 
 deltav  =   3.83808206336901      km/s
 deltav1 =   3.06830685160037      km/s
 deltav2 =  0.769775211768638      km/s
 
 deltat  =   4.95286440290626      dias
 
 energym =  0.255556043322332      km^2/s^2
 em      =   1.20198243164971     
