 v0      =   1.16222384248893      km/s
 lambda1 =   24.9999984336853      graus
 gamma0  =  -119.069563339406      graus
 
 deltav  =  0.495027758202502      km/s
 deltav1 =  0.317737920580083      km/s
 deltav2 =  0.177289837622418      km/s
 
 deltat  =  0.780514183702824      dias
 
 energym =  5.044234736137847E-003 km^2/s^2
 em      =   1.06089738345714     
