 v0      =   1.14273102450092      km/s
 lambda1 =   21.8619313350104      graus
 gamma0  =  -127.727743468593      graus
 
 deltav  =  0.439904583223794      km/s
 deltav1 =  0.298245102592076      km/s
 deltav2 =  0.141659480631717      km/s
 
 deltat  =   1.11813736543787      dias
 
 energym = -7.713660847544754E-003 km^2/s^2
 em      =  0.891671517340743     
