 v0      =   10.9448927902322      km/s
 lambda1 =   82.6357742612336      graus
 gamma0  =  -113.557439139221      graus
 
 deltav  =   3.89860660782892      km/s
 deltav1 =   3.14103602267888      km/s
 deltav2 =  0.757570585150042      km/s
 
 deltat  =   4.95176867803245      dias
 
 energym =  0.258973696487286      km^2/s^2
 em      =   1.21524793953272     
