 v0      =   1.14760424712270      km/s
 lambda1 =   53.3322332213855      graus
 gamma0  =  -106.448650223446      graus
 
 deltav  =  0.472155734894858      km/s
 deltav1 =  0.312818988356751      km/s
 deltav2 =  0.159336746538107      km/s
 
 deltat  =   1.14159801593007      dias
 
 energym = -5.284735469375773E-003 km^2/s^2
 em      =  0.936199130456295     
