 v0      =   10.9420085912219      km/s
 lambda1 =   72.7510482741481      graus
 gamma0  =  -115.809086919447      graus
 
 deltav  =   3.89376838834667      km/s
 deltav1 =   3.13815182366862      km/s
 deltav2 =  0.755616564678044      km/s
 
 deltat  =   4.79198055258671      dias
 
 energym =  0.254464182005797      km^2/s^2
 em      =   1.21149982258582     
