 v0      =   1.11581584247737      km/s
 lambda1 =   21.7792886569477      graus
 gamma0  =  -127.247799399610      graus
 
 deltav  =  0.444649815598371      km/s
 deltav1 =  0.289801400922613      km/s
 deltav2 =  0.154848414675758      km/s
 
 deltat  =   1.10796600825103      dias
 
 energym = -7.816649740974839E-003 km^2/s^2
 em      =  0.905632163940332     
