 v0      =   10.7015464047959      km/s
 lambda1 =   82.7287091690757      graus
 gamma0  =  -113.447723779625      graus
 
 deltav  =   3.81193511286626      km/s
 deltav1 =   3.06838376396306      km/s
 deltav2 =  0.743551348903205      km/s
 
 deltat  =   4.95989165347777      dias
 
 energym =  0.255688251961886      km^2/s^2
 em      =   1.22294751044145     
