 v0      =   10.8170075922674      km/s
 lambda1 =   82.3350524203161      graus
 gamma0  =  -113.580195397806      graus
 
 deltav  =   3.88813057638294      km/s
 deltav1 =   3.10279422048121      km/s
 deltav2 =  0.785336355901727      km/s
 
 deltat  =   4.94702768085455      dias
 
 energym =  0.257096477159913      km^2/s^2
 em      =   1.19271219728558     
