 v0      =   1.16174809960335      km/s
 lambda1 =   53.9848300535529      graus
 gamma0  =  -106.470968975092      graus
 
 deltav  =  0.476715298252856      km/s
 deltav1 =  0.317262177694513      km/s
 deltav2 =  0.159453120558344      km/s
 
 deltat  =   1.14477164370677      dias
 
 energym = -5.218819750847484E-003 km^2/s^2
 em      =  0.936994909201148     
