 v0      =   1.12847376988771      km/s
 lambda1 =   21.6741817660317      graus
 gamma0  =  -127.624433811341      graus
 
 deltav  =  0.439344731795510      km/s
 deltav1 =  0.293688511121764      km/s
 deltav2 =  0.145656220673746      km/s
 
 deltat  =   1.11668772269388      dias
 
 energym = -7.793278846390393E-003 km^2/s^2
 em      =  0.895673694059932     
