 v0      =   10.9449299489589      km/s
 lambda1 =   82.7707763222102      graus
 gamma0  =  -113.526809121562      graus
 
 deltav  =   3.88610754300190      km/s
 deltav1 =   3.14107318140559      km/s
 deltav2 =  0.745034361596307      km/s
 
 deltat  =   4.95522966615039      dias
 
 energym =  0.259038069374044      km^2/s^2
 em      =   1.22586838555731     
