 v0      =   10.6985074779328      km/s
 lambda1 =   72.5335582593912      graus
 gamma0  =  -115.771019365263      graus
 
 deltav  =   3.80680207018745      km/s
 deltav1 =   3.06534483710000      km/s
 deltav2 =  0.741457233087452      km/s
 
 deltat  =   4.79536245548089      dias
 
 energym =  0.250961825080910      km^2/s^2
 em      =   1.21882629994993     
