 v0      =   1.12826857606151      km/s
 lambda1 =   21.4277682081101      graus
 gamma0  =  -127.867316286011      graus
 
 deltav  =  0.434913258197647      km/s
 deltav1 =  0.293483317295565      km/s
 deltav2 =  0.141429940902081      km/s
 
 deltat  =   1.12323999623338      dias
 
 energym = -7.832773699189874E-003 km^2/s^2
 em      =  0.889998729965047     
