 v0      =   1.13509256367268      km/s
 lambda1 =   53.7360666241814      graus
 gamma0  =  -105.997400029614      graus
 
 deltav  =  0.463646257948767      km/s
 deltav1 =  0.309078122117924      km/s
 deltav2 =  0.154568135830843      km/s
 
 deltat  =   1.14954116990021      dias
 
 energym = -5.343946636895181E-003 km^2/s^2
 em      =  0.931973234691407     
