 v0      =   10.6984675438414      km/s
 lambda1 =   72.4102326766957      graus
 gamma0  =  -115.797490547123      graus
 
 deltav  =   3.79505931233999      km/s
 deltav1 =   3.06530490300859      km/s
 deltav2 =  0.729754409331397      km/s
 
 deltat  =   4.79483852949639      dias
 
 energym =  0.250905507387776      km^2/s^2
 em      =   1.22901238405584     
