 v0      =   10.8142438987754      km/s
 lambda1 =   72.9603706600321      graus
 gamma0  =  -115.720820172836      graus
 
 deltav  =   3.88358528131677      km/s
 deltav1 =   3.10003052698922      km/s
 deltav2 =  0.783554754327542      km/s
 
 deltat  =   4.79511748728953      dias
 
 energym =  0.252788733114093      km^2/s^2
 em      =   1.18948323503124     
