 v0      =   1.14815699793252      km/s
 lambda1 =   55.3585642769687      graus
 gamma0  =  -105.599924467711      graus
 
 deltav  =  0.463727606722562      km/s
 deltav1 =  0.313371739166575      km/s
 deltav2 =  0.150355867555987      km/s
 
 deltat  =   1.16354849507702      dias
 
 energym = -5.281169172524514E-003 km^2/s^2
 em      =  0.929302559079654     
