 v0      =   1.14253396761465      km/s
 lambda1 =   21.6198774774936      graus
 gamma0  =  -127.963153742801      graus
 
 deltav  =  0.435752332951040      km/s
 deltav1 =  0.298048045705807      km/s
 deltav2 =  0.137704287245233      km/s
 
 deltat  =   1.12450261117396      dias
 
 energym = -7.750853371642479E-003 km^2/s^2
 em      =  0.886056760719695     
