 v0      =   10.7014298607844      km/s
 lambda1 =   82.3139128859276      graus
 gamma0  =  -113.542264403004      graus
 
 deltav  =   3.85293857925109      km/s
 deltav1 =   3.06826721995161      km/s
 deltav2 =  0.784671359299486      km/s
 
 deltat  =   4.94924955494319      dias
 
 energym =  0.255488207022469      km^2/s^2
 em      =   1.19150668379325     
