 v0      =   10.8141614843193      km/s
 lambda1 =   72.7032908003968      graus
 gamma0  =  -115.775559406863      graus
 
 deltav  =   3.85478739185894      km/s
 deltav1 =   3.09994811253313      km/s
 deltav2 =  0.754839279325811      km/s
 
 deltat  =   4.79400247828635      dias
 
 energym =  0.252671414019739      km^2/s^2
 em      =   1.21000974996357     
