 v0      =   10.8171597313595      km/s
 lambda1 =   82.8818877238733      graus
 gamma0  =  -113.455826783571      graus
 
 deltav  =   3.83561884175659      km/s
 deltav1 =   3.10294635957330      km/s
 deltav2 =  0.732672482183299      km/s
 
 deltat  =   4.96105138443270      dias
 
 energym =  0.257358773944430      km^2/s^2
 em      =   1.23490256149534     
