 v0      =   1.16202265732914      km/s
 lambda1 =   55.0067704944660      graus
 gamma0  =  -106.042190459817      graus
 
 deltav  =  0.472335391105373      km/s
 deltav1 =  0.317536735420302      km/s
 deltav2 =  0.154798655685071      km/s
 
 deltat  =   1.15583578239713      dias
 
 energym = -5.216916755501060E-003 km^2/s^2
 em      =  0.933590285254884     
