 v0      =   10.6985480754140      km/s
 lambda1 =   72.6589071562572      graus
 gamma0  =  -115.744193349185      graus
 
 deltav  =   3.81950815584014      km/s
 deltav1 =   3.06538543458118      km/s
 deltav2 =  0.754122721258964      km/s
 
 deltat  =   4.79589644877764      dias
 
 energym =  0.251019245548913      km^2/s^2
 em      =   1.20863653768771     
