 v0      =   1.11559637863281      km/s
 lambda1 =   21.5261838702233      graus
 gamma0  =  -127.500746212655      graus
 
 deltav  =  0.439562776595900      km/s
 deltav1 =  0.289581937078056      km/s
 deltav2 =  0.149980839517844      km/s
 
 deltat  =   1.11471047853764      dias
 
 energym = -7.860763940621917E-003 km^2/s^2
 em      =  0.899934939459757     
