 v0      =   10.6986314879602      km/s
 lambda1 =   72.9163200638279      graus
 gamma0  =  -115.689381495367      graus
 
 deltav  =   3.84834044188426      km/s
 deltav1 =   3.06546884712734      km/s
 deltav2 =  0.782871594756916      km/s
 
 deltat  =   4.79699885559845      dias
 
 energym =  0.251137759819722      km^2/s^2
 em      =   1.18824571246867     
