 v0      =   1.13537035900813      km/s
 lambda1 =   54.7423455860014      graus
 gamma0  =  -105.576924663380      graus
 
 deltav  =  0.459597895590535      km/s
 deltav1 =  0.309355917453379      km/s
 deltav2 =  0.150241978137156      km/s
 
 deltat  =   1.16045237087788      dias
 
 energym = -5.342307799328382E-003 km^2/s^2
 em      =  0.928484114467831     
