 v0      =   1.13589316606225      km/s
 lambda1 =   56.7393429606703      graus
 gamma0  =  -104.763898209912      graus
 
 deltav  =  0.452332234146143      km/s
 deltav1 =  0.309878724507496      km/s
 deltav2 =  0.142453509638647      km/s
 
 deltat  =   1.18240536545795      dias
 
 energym = -5.333854238104888E-003 km^2/s^2
 em      =  0.921588423804524     
