 v0      =   1.14313977929149      km/s
 lambda1 =   22.3509832460676      graus
 gamma0  =  -127.251391908099      graus
 
 deltav  =  0.449050350282057      km/s
 deltav1 =  0.298653857382648      km/s
 deltav2 =  0.150396492899409      km/s
 
 deltat  =   1.10536714705763      dias
 
 energym = -7.633582949562050E-003 km^2/s^2
 em      =  0.902826882254338     
