 v0      =   10.9419689995900      km/s
 lambda1 =   72.6260248923173      graus
 gamma0  =  -115.835842439916      graus
 
 deltav  =   3.88109652271220      km/s
 deltav1 =   3.13811223203673      km/s
 deltav2 =  0.742984290675467      km/s
 
 deltat  =   4.79143340401463      dias
 
 energym =  0.254407966549911      km^2/s^2
 em      =   1.22183116487961     
