 v0      =   10.9449664412664      km/s
 lambda1 =   82.9034049050526      graus
 gamma0  =  -113.496800178686      graus
 
 deltav  =   3.87456951416499      km/s
 deltav1 =   3.14110967371309      km/s
 deltav2 =  0.733459840451900      km/s
 
 deltat  =   4.95863193131221      dias
 
 energym =  0.259101461606030      km^2/s^2
 em      =   1.23649318842290     
