 v0      =   1.16228555728234      km/s
 lambda1 =   56.0194838224595      graus
 gamma0  =  -105.624498417352      graus
 
 deltav  =  0.468282417075180      km/s
 deltav1 =  0.317799635373495      km/s
 deltav2 =  0.150482781701685      km/s
 
 deltat  =   1.16690734316029      dias
 
 energym = -5.213023275393129E-003 km^2/s^2
 em      =  0.930214807936253     
