 v0      =   1.12868427777503      km/s
 lambda1 =   21.9227254963762      graus
 gamma0  =  -127.379253184917      graus
 
 deltav  =  0.444079233408942      km/s
 deltav1 =  0.293899019009084      km/s
 deltav2 =  0.150180214399858      km/s
 
 deltat  =   1.11012635273185      dias
 
 energym = -7.751814457513096E-003 km^2/s^2
 em      =  0.901321832224847     
