 v0      =   1.16253739637402      km/s
 lambda1 =   57.0245914788524      graus
 gamma0  =  -105.216750009038      graus
 
 deltav  =  0.464517587459302      km/s
 deltav1 =  0.318051474465176      km/s
 deltav2 =  0.146466112994127      km/s
 
 deltat  =   1.17799944235755      dias
 
 energym = -5.207297667756045E-003 km^2/s^2
 em      =  0.926870176657615     
