 v0      =   1.12806825602622      km/s
 lambda1 =   21.1829338063040      graus
 gamma0  =  -128.108380261531      graus
 
 deltav  =  0.430751217518914      km/s
 deltav1 =  0.293282997260277      km/s
 deltav2 =  0.137468220258637      km/s
 
 deltat  =   1.12978400085949      dias
 
 energym = -7.870405390095064E-003 km^2/s^2
 em      =  0.884299258212991     
