 v0      =   1.11538266451999      km/s
 lambda1 =   21.2750836966108      graus
 gamma0  =  -127.751339486518      graus
 
 deltav  =  0.434818842325398      km/s
 deltav1 =  0.289368222965233      km/s
 deltav2 =  0.145450619360164      km/s
 
 deltat  =   1.12143969803204      dias
 
 energym = -7.902674978546367E-003 km^2/s^2
 em      =  0.894209240576703     
