 v0      =   10.9448162494035      km/s
 lambda1 =   82.3577972590185      graus
 gamma0  =  -113.620795002789      graus
 
 deltav  =   3.92701724036608      km/s
 deltav1 =   3.14095948185024      km/s
 deltav2 =  0.786057758515836      km/s
 
 deltat  =   4.94465188352943      dias
 
 energym =  0.258841663268506      km^2/s^2
 em      =   1.19402033909084     
