 v0      =   10.7015083193559      km/s
 lambda1 =   82.5931288632643      graus
 gamma0  =  -113.478529044356      graus
 
 deltav  =   3.82446439613247      km/s
 deltav1 =   3.06834567852307      km/s
 deltav2 =  0.756118717609401      km/s
 
 deltat  =   4.95641000914008      dias
 
 energym =  0.255622692701841      km^2/s^2
 em      =   1.21246272748185     
