 v0      =   1.13480368955994      km/s
 lambda1 =   52.7268778420421      graus
 gamma0  =  -106.426860485354      graus
 
 deltav  =  0.468021332135043      km/s
 deltav1 =  0.308789248005187      km/s
 deltav2 =  0.159232084129856      km/s
 
 deltat  =   1.13870417588368      dias
 
 energym = -5.344006015488540E-003 km^2/s^2
 em      =  0.935483576687856     
