 v0      =   10.8170467572480      km/s
 lambda1 =   82.4757766000175      graus
 gamma0  =  -113.548045518820      graus
 
 deltav  =   3.87328956646825      km/s
 deltav1 =   3.10283338546185      km/s
 deltav2 =  0.770456181006405      km/s
 
 deltat  =   4.95063180787371      dias
 
 energym =  0.257163718610089      km^2/s^2
 em      =   1.20325308117080     
