 v0      =   10.6985893912401      km/s
 lambda1 =   72.7864337796329      graus
 gamma0  =  -115.716990506820      graus
 
 deltav  =   3.83330408298829      km/s
 deltav1 =   3.06542675040724      km/s
 deltav2 =  0.767877332581050      km/s
 
 deltat  =   4.79644142776382      dias
 
 energym =  0.251077857172288      km^2/s^2
 em      =   1.19844303216523     
