 v0      =   1.14788627958499      km/s
 lambda1 =   54.3480844313757      graus
 gamma0  =  -106.019398462271      graus
 
 deltav  =  0.467778264452140      km/s
 deltav1 =  0.313101020819046      km/s
 deltav2 =  0.154677243633094      km/s
 
 deltat  =   1.15254897706184      dias
 
 energym = -5.283828500982562E-003 km^2/s^2
 em      =  0.932738519713953     
