 v0      =   10.8170851283860      km/s
 lambda1 =   82.6136709538096      graus
 gamma0  =  -113.516642914044      graus
 
 deltav  =   3.85968688324995      km/s
 deltav1 =   3.10287175659980      km/s
 deltav2 =  0.756815126650153      km/s
 
 deltat  =   4.95416708867539      dias
 
 energym =  0.257229786565065      km^2/s^2
 em      =   1.21379847565818     
