 v0      =   1.13563701232728      km/s
 lambda1 =   55.7425443673253      graus
 gamma0  =  -105.166250150462      graus
 
 deltav  =  0.455837437893576      km/s
 deltav1 =  0.309622570772521      km/s
 deltav2 =  0.146214867121055      km/s
 
 deltat  =   1.17139855518925      dias
 
 energym = -5.338879200428254E-003 km^2/s^2
 em      =  0.925022282633953     
