 v0      =   1.11517426048611      km/s
 lambda1 =   21.0256406933719      graus
 gamma0  =  -127.999928594002      graus
 
 deltav  =  0.430378138816748      km/s
 deltav1 =  0.289159818931358      km/s
 deltav2 =  0.141218319885389      km/s
 
 deltat  =   1.12815779482674      dias
 
 energym = -7.942541486158854E-003 km^2/s^2
 em      =  0.888457182048950     
