 v0      =   10.8140819116280      km/s
 lambda1 =   72.4549284424430      graus
 gamma0  =  -115.828786899082      graus
 
 deltav  =   3.83037091983882      km/s
 deltav1 =   3.09986853984182      km/s
 deltav2 =  0.730502379997005      km/s
 
 deltat  =   4.79293212426664      dias
 
 energym =  0.252558819711871      km^2/s^2
 em      =   1.23052143421907     
