 v0      =   1.14293284936710      km/s
 lambda1 =   22.1055856298488      graus
 gamma0  =  -127.490549749531      graus
 
 deltav  =  0.444326061998246      km/s
 deltav1 =  0.298446927458262      km/s
 deltav2 =  0.145879134539985      km/s
 
 deltat  =   1.11176062403126      dias
 
 energym = -7.674623308240865E-003 km^2/s^2
 em      =  0.897262100457099     
