 v0      =   1.14841659543617      km/s
 lambda1 =   56.3622432833892      graus
 gamma0  =  -105.190327477911      graus
 
 deltav  =  0.459964963670377      km/s
 deltav1 =  0.313631336670221      km/s
 deltav2 =  0.146333627000156      km/s
 
 deltat  =   1.17457629488817      dias
 
 energym = -5.276690595682712E-003 km^2/s^2
 em      =  0.925895641902026     
