 v0      =   1.11497086171526      km/s
 lambda1 =   20.7778892415763      graus
 gamma0  =  -128.246572776128      graus
 
 deltav  =  0.426207057890687      km/s
 deltav1 =  0.288956420160507      km/s
 deltav2 =  0.137250637730180      km/s
 
 deltat  =   1.13487248146643      dias
 
 energym = -7.980546921070891E-003 km^2/s^2
 em      =  0.882680096784348     
