 v0      =   10.9448549108853      km/s
 lambda1 =   82.4981931611013      graus
 gamma0  =  -113.588746080945      graus
 
 deltav  =   3.91219304409970      km/s
 deltav1 =   3.14099814333203      km/s
 deltav2 =  0.771194900767670      km/s
 
 deltat  =   4.94824448954053      dias
 
 energym =  0.258908259362304      km^2/s^2
 em      =   1.20463190429990     
