 v0      =   1.16277839178776      km/s
 lambda1 =   58.0205359923632      graus
 gamma0  =  -104.819078435063      graus
 
 deltav  =  0.461008269212854      km/s
 deltav1 =  0.318292469878914      km/s
 deltav2 =  0.142715799333940      km/s
 
 deltat  =   1.18909059811766      dias
 
 energym = -5.199711159085016E-003 km^2/s^2
 em      =  0.923560425624143     
