 v0      =   1.14866550828596      km/s
 lambda1 =   57.3598419815263      graus
 gamma0  =  -104.789872229011      graus
 
 deltav  =  0.456457693436632      km/s
 deltav1 =  0.313880249520019      km/s
 deltav2 =  0.142577443916613      km/s
 
 deltat  =   1.18563633437366      dias
 
 energym = -5.270478981068132E-003 km^2/s^2
 em      =  0.922520086646338     
