 v0      =   1.12890031434704      km/s
 lambda1 =   22.1728328092705      graus
 gamma0  =  -127.132091428537      graus
 
 deltav  =  0.449156622214925      km/s
 deltav1 =  0.294115055581096      km/s
 deltav2 =  0.155041566633829      km/s
 
 deltat  =   1.10354159943838      dias
 
 energym = -7.708105541517300E-003 km^2/s^2
 em      =  0.906942582285666     
