 v0      =   1.14335216278721      km/s
 lambda1 =   22.5981403603714      graus
 gamma0  =  -127.010168487294      graus
 
 deltav  =  0.454117291311883      km/s
 deltav1 =  0.298866240878373      km/s
 deltav2 =  0.155251050433510      km/s
 
 deltat  =   1.09894949862541      dias
 
 energym = -7.590341283080351E-003 km^2/s^2
 em      =  0.908364311364231     
